29x28
00000000000000000000000000000
00000000000000000000000000000
00000000000000000000000000000
00000000000000000000000000000
00000100000000000000000000000
00000011111111111111111100000
00000100000000000000000000000
00000101111111111110000000000
00000101000100000010000000000
00000101010101100010000000000
00000101010100100010000000000
00000101010000101010000000000
00000101000010001010000000000
00000101111111111011111111111
00000100000000000010000000000
00000111111111111100000000000
00000000100000000000000000000
00000000100000000000000000000
00000000100000000000000000000
00000000100000000000000000000
00000000100000000000000000000
00000000100000000000000000000
00000111111111111111111111100
00011100000000000000000000000
00000011100111111111111011111
00000000100000000000000000000
00000000111111111111111111100
00000000000000000000000000000